structure(c(680.45, 722.48, 702.14, 666.93, 703.67, 642.14, 692.98, 
669.26, 491.58, 475.52, 478.76, 568.23, 444.72, 410.37, 428.51, 
491.47, 607.34, 620.8, 610.55, 638.04, 585.19, 586.17, 601.67, 
608.31, 442.9, 434.41, 417.66, 510.84, 392.11, 343.22, 385.52, 
446.73), .Dim = c(2L, 2L, 2L, 2L, 2L), .Dimnames = list(Table_Speed = c("Slow", 
"Fast"), Down_Feed_Rate = c("Slow", "Fast"), Wheel_Grit = c("140/170", 
"80/100"), Direction = c("Longitudinal", "Transverse"), Batch = c("Batch 1", 
"Batch 2")))
